 customer_id 
-------------
           5
          24
          38
          41
          42
          61
          62
          69
          74
          74
          77
          77
          77
          87
          89
          93
          95
         118
         123
         140
         150
         153
         165
         168
         170
         177
         181
         187
         191
         197
         201
         211
         217
         222
         228
         230
         230
         257
         259
         260
         266
         272
         283
         288
         291
         292
         295
         297
         319
         329
         332
         337
         345
         356
         364
         369
         372
         374
         380
         391
         393
         405
         411
         412
         414
         416
         422
         425
         426
         431
         435
         453
         459
         467
         471
         476
         476
         480
         484
         494
         507
         514
         518
         525
         533
         534
         538
         541
         543
         548
         562
         563
         571
         574
         580
         592
         596
(97 rows)

